##FastQC	0.10.1
>>Basic Statistics	pass
#Measure	Value	
Filename	10DI_3.dwgsim.0.12.fastq	
File type	Conventional base calls	
Encoding	Sanger / Illumina 1.9	
Total Sequences	18000000	
Filtered Sequences	0	
Sequence length	135-151	
%GC	35	
>>END_MODULE
>>Per base sequence quality	pass
#Base	Mean	Median	Lower Quartile	Upper Quartile	10th Percentile	90th Percentile
1	39.61196727777778	40.0	40.0	40.0	38.0	40.0
2	39.61182027777778	40.0	40.0	40.0	38.0	40.0
3	39.013168944444445	39.0	39.0	40.0	37.0	40.0
4	39.01287472222222	39.0	39.0	40.0	37.0	40.0
5	38.626732277777776	39.0	38.0	40.0	37.0	40.0
6	38.239761	38.0	38.0	39.0	36.0	40.0
7	38.239987666666664	38.0	38.0	39.0	36.0	40.0
8	38.239974333333336	38.0	38.0	39.0	36.0	40.0
9	37.34588061111111	37.0	37.0	38.0	35.0	40.0
10-14	37.05740706666667	36.8	36.6	37.8	34.8	39.6
15-19	36.1878912	36.0	35.6	37.0	34.0	38.6
20-24	35.29813005555555	35.0	34.8	36.0	33.0	37.8
25-29	34.59965762222222	34.4	34.0	35.4	32.4	37.0
30-34	34.200815066666664	34.0	33.6	35.0	32.0	36.6
35-39	33.50099085555556	33.2	33.0	34.2	31.2	36.0
40-44	33.201664900000004	33.0	32.6	34.0	31.0	35.6
45-49	32.70151397777777	32.6	32.0	33.6	30.6	35.0
50-54	32.401145288888884	32.0	32.0	33.0	30.0	35.0
55-59	32.001482233333334	32.0	31.2	33.0	30.0	34.2
60-64	31.70099152222222	31.6	31.0	32.6	29.6	34.0
65-69	31.401428655555556	31.0	31.0	32.0	29.0	34.0
70-74	31.201290888888888	31.0	30.6	32.0	29.0	33.6
75-79	30.901101255555556	31.0	30.0	32.0	29.0	33.0
80-84	30.501269288888885	30.2	30.0	31.2	28.2	33.0
85-89	30.40168448888889	30.0	30.0	31.0	28.0	33.0
90-94	30.201228377777777	30.0	29.6	31.0	28.0	32.6
95-99	29.901433400000002	30.0	29.0	31.0	28.0	32.0
100-104	29.801437844444443	29.8	29.0	30.8	27.8	32.0
105-109	29.401130411111108	29.0	29.0	30.0	27.0	32.0
110-114	29.401145933333332	29.0	29.0	30.0	27.0	32.0
115-119	29.401141422222217	29.0	29.0	30.0	27.0	32.0
120-124	28.901258255555557	29.0	28.0	30.0	27.0	31.0
125-129	28.90099192222222	29.0	28.0	30.0	27.0	31.0
130-134	28.80117291111111	28.8	28.0	29.8	26.8	31.0
135-139	28.40121301111111	28.0	28.0	29.0	26.0	31.0
140-144	28.400869955555557	28.0	28.0	29.0	26.0	31.0
145-149	28.400881244444445	28.0	28.0	29.0	26.0	31.0
150-151	28.401367888888892	28.0	28.0	29.0	26.0	31.0
>>END_MODULE
>>Per sequence quality scores	pass
#Quality	Count
31	1.3186423E7
32	4813577.0
>>END_MODULE
>>Per base sequence content	warn
#Base	G	A	T	C
1	17.715072222222222	32.27755555555555	32.281555555555556	17.725816666666667
2	17.733544444444444	32.27200555555555	32.27808888888889	17.716361111111112
3	17.711505555555558	32.29094444444445	32.27813888888889	17.71941111111111
4	17.708183333333334	32.276561111111114	32.27842777777778	17.736827777777776
5	17.714927777777778	32.28416111111111	32.278327777777776	17.722583333333333
6	17.715594444444445	32.27856666666667	32.30517777777778	17.70066111111111
7	17.699994444444446	32.25897222222222	32.304833333333335	17.7362
8	17.7181	32.277094444444444	32.26916111111111	17.735644444444446
9	17.72382222222222	32.26836111111111	32.28287777777778	17.72493888888889
10-14	17.72412222222222	32.28185333333333	32.26813555555555	17.72588888888889
15-19	17.722113333333333	32.27614	32.27945444444445	17.722292222222222
20-24	17.727532222222223	32.275305555555555	32.27350777777778	17.723654444444445
25-29	17.73369	32.27076111111111	32.28138444444444	17.714164444444442
30-34	17.727727777777776	32.27783888888889	32.270804444444444	17.72362888888889
35-39	17.727712222222223	32.27670777777778	32.26977111111111	17.72580888888889
40-44	17.728865555555558	32.26988222222222	32.278706666666665	17.722545555555556
45-49	17.727243333333334	32.27146111111111	32.27507111111111	17.726224444444444
50-54	17.724832222222222	32.274968888888885	32.27592	17.72427888888889
55-59	17.725855555555555	32.27484333333333	32.26412888888889	17.73517222222222
60-64	17.725821111111113	32.268903333333334	32.277275555555555	17.727999999999998
65-69	17.72274	32.27326888888889	32.284886666666665	17.719104444444444
70-74	17.735437777777776	32.264785555555555	32.271339999999995	17.728436666666667
75-79	17.73284	32.26102777777778	32.27908333333333	17.727048888888888
80-84	17.730776666666667	32.26987111111111	32.26884	17.730512222222224
85-89	17.731250000000003	32.273044444444444	32.269015555555555	17.72669
90-94	17.726792222222223	32.27344333333333	32.27070333333334	17.72906111111111
95-99	17.733964444444446	32.27102111111111	32.261763333333334	17.733251111111112
100-104	17.726231111111108	32.27281111111111	32.26849333333333	17.732464444444446
105-109	17.732048888888887	32.26613888888889	32.27257222222222	17.729239999999997
110-114	17.73571111111111	32.26571222222222	32.26357111111111	17.735005555555556
115-119	17.731535555555556	32.26918666666666	32.26212	17.737157777777778
120-124	17.734752222222223	32.27325666666667	32.26089555555556	17.731095555555555
125-129	17.732325555555555	32.27267444444444	32.262167777777776	17.73283222222222
130-134	17.73602222222222	32.261812222222225	32.26688	17.735285555555556
135-139	17.73421111111111	32.26914444444444	32.26341111111111	17.733233333333335
140-144	17.72854222222222	32.28113555555556	32.25187555555556	17.738446666666665
145-149	17.745326666666667	32.25851333333333	32.26242222222222	17.733737777777776
150-151	17.74032777777778	32.25926111111111	32.26629444444444	17.734116666666665
>>END_MODULE
>>Per base GC content	pass
#Base	%GC
1	35.440888888888885
2	35.44990555555555
3	35.43091666666667
4	35.445011111111114
5	35.43751111111111
6	35.41625555555555
7	35.436194444444446
8	35.453744444444446
9	35.44876111111111
10-14	35.45001111111111
15-19	35.444405555555555
20-24	35.451186666666665
25-29	35.447854444444445
30-34	35.45135666666667
35-39	35.453521111111115
40-44	35.451411111111106
45-49	35.453467777777774
50-54	35.44911111111111
55-59	35.46102777777777
60-64	35.45382111111111
65-69	35.44184444444444
70-74	35.46387444444444
75-79	35.45988888888889
80-84	35.46128888888889
85-89	35.45794
90-94	35.45585333333333
95-99	35.467215555555555
100-104	35.45869555555556
105-109	35.46128888888889
110-114	35.47071666666667
115-119	35.468693333333334
120-124	35.465847777777775
125-129	35.465157777777776
130-134	35.471307777777774
135-139	35.467444444444446
140-144	35.46698888888889
145-149	35.47906444444445
150-151	35.474444444444444
>>END_MODULE
>>Per sequence GC content	pass
#GC Content	Count
0	571.0
1	604.0
2	513.0
3	328.5
4	235.5
5	186.5
6	224.5
7	340.5
8	496.0
9	834.5
10	1565.0
11	2776.5
12	4913.5
13	8558.5
14	14332.0
15	22593.5
16	34225.0
17	50684.5
18	73001.5
19	101954.0
20	138700.0
21	183947.0
22	237126.5
23	297395.0
24	363135.0
25	432556.0
26	501639.0
27	566777.0
28	625909.0
29	676481.5
30	718399.0
31	751083.5
32	774501.5
33	789253.5
34	795394.5
35	795080.5
36	789038.0
37	773406.0
38	749179.5
39	721369.0
40	689862.0
41	652498.0
42	609938.5
43	563457.5
44	513418.0
45	461040.5
46	408299.5
47	357647.5
48	311032.5
49	266508.0
50	224658.0
51	187330.5
52	153941.5
53	125646.0
54	101626.0
55	81512.0
56	64942.5
57	51536.0
58	40556.0
59	32024.0
60	25540.5
61	19745.5
62	15059.0
63	11523.5
64	8756.5
65	6635.0
66	5015.0
67	3681.0
68	2453.0
69	1570.5
70	1075.0
71	703.5
72	481.5
73	337.5
74	226.5
75	158.0
76	119.5
77	95.5
78	87.5
79	97.5
80	86.5
81	33.5
82	3.5
83	3.5
84	4.5
85	3.5
86	3.5
87	2.0
88	0.0
89	0.0
90	0.0
91	0.0
92	0.0
93	0.0
94	0.0
95	0.0
96	0.0
97	0.0
98	0.0
99	0.0
100	0.0
>>END_MODULE
>>Per base N content	pass
#Base	N-Count
1	0.0
2	0.0
3	0.0
4	0.0
5	0.0
6	0.0
7	0.0
8	0.0
9	0.0
10-14	0.0
15-19	0.0
20-24	0.0
25-29	0.0
30-34	0.0
35-39	0.0
40-44	0.0
45-49	0.0
50-54	0.0
55-59	0.0
60-64	0.0
65-69	0.0
70-74	0.0
75-79	0.0
80-84	0.0
85-89	0.0
90-94	0.0
95-99	0.0
100-104	0.0
105-109	0.0
110-114	0.0
115-119	0.0
120-124	0.0
125-129	0.0
130-134	0.0
135-139	0.0
140-144	0.0
145-149	0.0
150-151	0.0
>>END_MODULE
>>Sequence Length Distribution	warn
#Length	Count
135	9000000.0
136	0.0
137	0.0
138	0.0
139	0.0
140	0.0
141	0.0
142	0.0
143	0.0
144	0.0
145	0.0
146	0.0
147	0.0
148	0.0
149	0.0
150	0.0
151	9000000.0
>>END_MODULE
>>Sequence Duplication Levels	pass
#Total Duplicate Percentage	10.192250224125914
#Duplication Level	Relative count
1	100.0
2	9.417356196898778
3	0.8113534018057188
4	0.22460569222919763
5	0.1208988664344817
6	0.08596020319882872
7	0.0615585971294838
8	0.04048448279686772
9	0.03272033541116706
10++	0.12145344839060317
>>END_MODULE
>>Overrepresented sequences	pass
>>END_MODULE
>>Kmer Content	warn
#Sequence	Count	Obs/Exp Overall	Obs/Exp Max	Max Obs/Exp Position
TTTTT	33657120	3.8456872	3.8920228	6
AAAAA	33644195	3.842629	3.8697038	6
TTTTC	15551420	3.2334392	3.2722898	7
GAAAA	15531565	3.228606	3.2800996	8
>>END_MODULE
